14159 26535 89793 23846 26433 83279 50288 41971 69 399 375 10 
58209 74944 59230 78164 06286 20899 86280 34825 34 211 706 79 
82148 08651 32823 06647 09384 46095 50582 23172 53 594 081 28 
48111 74502 84102 70193 85211 05559 64462 29489 54 930 381 96 
44288 10975 66593 34461 28475 64823 37867 83165 27 120 190 91 
45648 56692 34603 48610 45432 66482 13393 60726 02 491 412 73 
72458 70066 06315 58817 48815 20920 96282 92540 91 715 364 36 
78925 90360 01133 05305 48820 46652 13841 46951 94 151 160 94 
33057 27036 57595 91953 09218 61173 81932 61179 31 051 185 48 
07446 23799 62749 56735 18857 52724 89122 79381 83 011 949 12 
98336 73362 440 6566 430 860 2139 494 639 5224 737 19 070 217 98 
60943 70277 053 9217 176 293 1767 523 846 7481 846 76 694 051 32 
00056 81271 452 6356 082 778 5771 342 757 7896 091 73 637 178 72 
14684 40901 224 9534 301 465 4958 537 105 0792 279 68 925 892 35 
42019 95611 212 9021 960 864 0344 181 598 1362 977 47 713 099 60 
51870 72113 499 9999 837 297 8049 951 059 7317 328 16 096 318 59 
50244 59455 346 9083 026 425 2230 825 334 4685 035 26 193 118 81 
71010 00313 783 8752 886 587 5332 083 814 2061 717 76 691 473 03 
59825 34904 287 5546 873 115 9562 863 882 3537 875 93 751 957 78 
18577 80532 171 2268 066 130 0192 787 661 1195 909 21 642 019 89 
38095 25720 106 5485 863 278 8659 361 533 8182 796 82 303 019 52 
03530 18529 689 9577 362 259 9413 891 249 7217 752 83 479 131 51 
55748 57242 454 1506 959 508 2953 311 686 1727 855 88 907 509 83 
81754 63746 493 9319 255 060 4009 277 016 7113 900 98 488 240 12 
85836 16035 637 0766 010 471 0181 942 955 5961 989 46 767 837 44 
94482 55379 774 7268 471 040 4753 464 620 8046 684 25 906 949 12 
93313 67702 898 9152 104 752 1620 569 660 2405 803 81 501 935 11 
25338 24300 355 8764 024 749 6473 263 914 1992 726 04 269 922 79 
67823 54781 636 0093 417 216 4121 992 458 6315 030 28 618 297 45 
55706 74983 850 5494 588 586 9269 956 909 2721 079 75 093 029 55 
32116 53449 872 0275 596 023 6480 665 499 1198 818 34 797 753 56 
63698 07426 542 5278 625 518 1841 757 467 2890 977 77 279 380 00 
81647 06001 614 5249 192 173 2172 147 723 5014 144 19 735 685 48 
16136 11573 525 5213 347 574 1849 468 438 5233 239 07 394 143 33 
45477 62416 862 5189 835 694 8556 209 921 9222 184 27 255 025 42 
56887 67179 049 4601 653 466 8049 886 272 3279 178 60 857 843 83 
82796 79766 814 5410 095 388 3786 360 950 6800 642 25 125 205 11 
73929 84896 084 1284 886 269 4560 424 196 5285 022 21 066 118 63 
06744 27862 203 9194 945 047 1237 137 869 6095 636 43 719 172 87 
46776 46575 739 6241 389 086 5832 645 995 8133 904 78 027 590 09 
94657 64078 951 2694 683 983 5259 570 982 5822 620 52 248 940 77 
26719 47826 848 2601 476 990 9026 401 363 9443 745 53 050 682 03 
49625 24517 493 9965 143 142 9809 190 659 2509 372 21 696 461 51 
57098 58387 410 5978 859 597 7297 549 893 0161 753 92 846 813 82 
68683 86894 277 4155 991 855 9252 459 539 5943 104 99 725 246 80 
84598 72736 446 9584 865 383 6736 222 626 0991 246 08 051 243 88 
43904 51244 136 5497 627 807 9771 569 143 5997 700 12 961 608 94 
41694 86855 584 8406 353 422 0722 258 284 8864 815 84 560 285 06 
01684 27394 522 6746 767 889 5252 138 522 5499 546 66 727 823 98 
64565 96116 354 8862 305 774 5649 803 559 3634 568 17 432 411 25 
15076 06947 945 1096 596 094 0252 288 797 1089 314 56 691 368 67 
22874 89405 601 0150 330 861 7928 680 920 8747 609 17 824 938 58 
90097 14909 675 9852 613 655 4978 189 312 9784 821 68 299 894 87 
22658 80485 756 4014 270 477 5551 323 796 4145 152 37 462 343 64 
54285 84447 952 6586 782 105 1141 354 735 7395 231 13 427 166 10 
21359 69536 231 4429 524 849 3718 711 014 5765 403 59 027 993 44 
03742 00731 057 8539 062 198 3874 478 084 7848 968 33 214 457 13 
86875 19435 064 3021 845 319 1048 481 005 3706 146 80 674 919 27 
81911 97939 952 0614 196 634 2875 444 064 3745 123 71 819 217 99 
98391 01591 956 1814 675 142 6912 397 489 4090 718 64 942 319 61 
56794 52080 951 4655 022 523 1603 881 930 1420 937 62 137 855 95 
66389 37787 083 0390 697 920 7734 672 218 2562 599 66 150 142 15 
03068 03844 773 4549 202 605 4146 659 252 0149 744 28 507 325 18 
66600 21324 340 8819 071 048 6331 734 649 6514 539 05 796 268 56 
10055 08106 658 7969 981 635 7473 638 405 2571 459 10 289 706 41 
40110 97120 628 0439 039 759 5156 771 577 0042 033 78 699 360 07 
23055 87631 763 5942 187 312 5147 120 532 9281 918 26 186 125 86 
73215 79198 414 8488 291 644 7060 957 527 0695 722 09 175 671 16 
72291 09816 909 1528 017 350 6712 748 583 2228 718 35 209 353 96 
57251 21083 579 1513 698 820 9144 421 006 7510 334 67 110 314 12 
67111 36990 865 8516 398 315 0197 016 515 1168 517 14 376 576 18 
35155 65088 490 9989 859 982 3873 455 283 3163 550 76 479 185 35 
89322 61854 896 3213 293 308 9857 064 204 6752 590 70 915 481 41 
65498 59461 637 1802 709 819 9430 992 448 8957 571 28 289 059 23 
23326 09729 971 2084 433 573 2654 893 823 9119 325 97 463 667 30 
58360 41428 138 8303 203 824 9037 589 852 4374 417 02 913 276 56 
18093 77344 403 0707 469 211 2019 130 203 3038 019 76 211 011 00 
44929 32151 608 4244 485 963 7669 838 952 2868 478 31 235 526 58 
21314 49576 857 2624 334 418 9303 968 642 6243 410 77 322 697 80 
28073 18915 441 1010 446 823 2527 162 010 5265 227 21 116 603 96 
66557 30925 471 1055 785 376 3466 820 653 1098 965 26 918 620 56 
47693 12570 586 3566 201 855 8100 729 360 6598 764 86 117 910 45 
33488 50346 113 6576 867 532 4944 166 803 9626 579 78 771 855 60 
84552 96541 266 5408 530 614 3444 318 586 7697 514 56 614 068 00 
70023 78776 591 3440 171 274 9470 420 562 2305 389 94 561 314 07 
11270 00407 854 7332 699 390 8145 466 464 5880 797 27 082 668 30 
63432 85878 569 8305 235 808 9330 657 574 0679 545 71 637 752 54 
20211 49557 615 8140 025 012 6228 594 130 2164 715 50 979 259 23 
09907 96547 376 1255 176 567 5135 751 782 9666 454 77 917 450 11 
29961 48903 046 3994 713 296 2107 340 437 5189 573 59 614 589 01 
93897 13111 790 4297 828 564 7503 203 198 6915 140 28 708 085 99 
04801 09412 147 2213 179 476 4777 262 241 4254 854 54 033 215 71 
85306 14228 813 7585 043 063 3217 518 297 9866 223 71 721 591 60 
77166 92547 487 3898 665 494 9450 114 654 0628 433 66 393 790 03 
97692 65672 146 3853 067 360 9657 120 918 0763 832 71 664 162 74 
88880 07869 256 0290 228 472 1040 317 211 8608 204 19 000 422 96 
61711 96377 921 3375 751 149 5950 156 604 9631 862 94 726 547 36 
42523 08177 036 7515 906 735 0235 072 835 4056 704 03 867 435 13 
62222 47715 891 5049 530 984 4489 333 096 3408 780 76 932 599 39 
78054 19341 447 3774 418 426 3129 860 809 9888 687 41 326 047 21 
56951 62396 586 4573 021 631 5981 931 951 6735 381 29 741 677 29 
47867 24229 246 5436 680 098 0676 928 238 2806 899 64 004 824 35 
40370 14163 149 6589 794 092 4323 789 690 7069 779 42 236 250 82 
21688 95738 379 8623 001 593 7764 716 512 2893 578 60 158 816 17 
55782 97352 334 4604 281 512 6272 037 343 1465 319 77 774 160 31 
99066 55418 763 9792 933 441 9521 541 341 8994 854 44 734 567 38 
31624 99341 913 1814 809 277 7710 386 387 7343 177 20 754 565 45 
32207 77092 120 1905 166 096 2804 909 263 6019 759 88 281 613 32 
31666 36528 619 3266 863 360 6273 567 630 3544 776 28 035 045 07 
77235 54710 585 9548 702 790 8143 562 401 4517 180 62 464 362 67 
94561 27531 813 4078 330 336 2542 327 839 4497 538 24 372 058 35 
31147 71199 260 6381 334 677 6879 695 970 3098 339 13 077 109 87 
04085 91337 464 1442 822 772 6346 594 704 7458 784 77 872 019 27 
71528 07317 679 0770 715 721 3444 730 605 7007 334 92 436 931 13 
83504 93163 128 4042 512 192 5651 798 069 4113 528 01 314 701 30 
47816 43788 518 5290 928 545 2011 658 393 4196 562 13 491 434 15 
95625 86586 557 0552 690 496 5209 858 033 8507 224 26 482 939 72 
85847 83163 057 7775 606 888 7644 624 824 6857 926 03 953 527 73 
48030 48029 005 8760 758 251 0474 709 164 3961 362 67 604 492 56 
27420 42083 208 5661 190 625 4543 372 131 5359 584 50 687 724 60 
29016 18766 795 2406 163 425 2257 719 542 9162 991 93 064 553 77 
99140 37340 432 8752 628 889 6399 587 947 5729 174 64 263 574 55 
25407 90914 513 5711 136 941 0911 939 325 1910 760 20 825 202 61 
87985 31887 705 8429 725 916 7781 314 969 9009 019 21 169 717 37 
27847 68472 686 0849 003 377 0242 429 165 1300 500 51 683 233 64 
35038 95170 298 9392 233 451 7220 138 128 0696 501 17 844 087 45 
19601 21228 599 3716 231 301 7114 448 464 0903 890 64 495 444 00 
61986 90754 851 6026 327 505 2983 491 874 0786 680 88 183 385 10 
22833 45085 048 6082 503 930 2133 219 715 5184 306 35 455 007 66 
82829 49304 137 7655 279 397 5175 461 395 3984 683 39 363 830 47 
46119 96653 858 1538 420 568 5338 621 867 2523 340 28 308 711 23 
28278 92125 077 1262 946 322 9563 989 898 9358 211 67 456 270 10 
21835 64622 013 4967 151 881 9097 303 811 9800 497 34 072 396 10 
36854 06643 193 9509 790 190 6996 395 524 5300 545 05 806 855 01 
95673 02292 191 3933 918 568 0344 903 982 0595 510 02 263 535 36 
19204 19947 455 3859 381 023 4395 544 959 7783 779 02 374 216 17 
27111 72364 343 5439 478 221 8185 286 240 8514 006 66 044 332 58 
88569 86705 431 5470 696 574 7458 550 332 3233 421 07 301 545 94 
05165 53790 686 6273 337 995 8511 562 578 4322 988 27 372 319 89 
87571 41595 781 1196 358 330 0594 087 306 8121 602 87 649 628 67 
44604 77464 915 9950 549 737 4256 269 010 4903 778 19 868 359 38 
14657 41268 049 2564 879 855 6145 372 347 8673 303 90 468 838 34 
36346 55379 498 6419 270 563 8729 317 487 2332 083 76 011 230 29 
91136 79386 270 8943 879 936 2016 295 154 1337 142 48 928 307 22 
01269 01475 466 8476 535 761 6477 379 467 5200 490 75 715 552 78 
19653 62132 392 6406 160 136 3581 559 074 2202 020 31 872 776 05 
27721 90055 614 8425 551 879 2530 343 513 9844 253 22 341 576 23 
36106 42506 390 4975 008 656 2710 953 591 9465 897 51 413 103 48 
22769 30624 743 5363 256 916 0781 547 818 1152 843 66 795 706 11 
08615 33150 445 2127 473 924 5449 454 236 8288 606 13 408 414 86 
37767 00961 207 1512 491 404 3027 253 860 7648 236 34 143 346 23 
51897 57664 521 6413 767 969 0314 950 191 0857 598 44 239 198 62 
91642 19399 490 7236 234 646 8441 173 940 3265 918 40 443 780 51 
33389 45257 423 9950 829 659 1228 508 555 8215 725 03 107 125 70 
12668 30240 292 9525 220 118 7267 675 622 0415 420 51 618 416 34 
84756 51699 981 1614 101 002 9960 783 869 0929 160 30 288 400 26 
91041 40792 886 2150 784 245 1670 908 700 0699 282 12 066 041 83 
71806 53556 725 2532 567 532 8612 910 424 8776 182 58 297 651 57 
95984 70356 222 6293 486 003 4158 722 980 5349 896 50 226 291 74 
87882 02734 209 2222 453 398 5626 476 691 4905 562 84 250 391 27 
57710 28402 799 8066 365 825 4889 264 880 2545 661 01 729 670 26 
64076 55904 290 9945 681 506 5265 305 371 8294 127 03 369 313 78 
51786 09040 708 6671 149 655 8343 434 769 3385 781 71 138 645 58 
73678 12301 458 7687 126 603 4891 390 956 2009 939 36 103 102 91 
61615 28813 843 7909 904 231 7473 363 948 0457 593 14 931 405 29 
76347 57481 193 5670 911 013 7751 721 008 0315 590 24 853 090 66 
92037 67192 203 3229 094 334 6768 514 221 4477 379 39 375 170 34 
43661 99104 033 7511 173 547 1918 550 464 4902 636 55 128 162 28 
82446 25759 163 3303 910 722 5383 742 182 1408 835 08 657 391 77 
15096 82887 478 2656 995 995 7449 066 175 8344 137 52 239 709 68 
34080 05355 984 9175 417 381 8839 994 469 7486 762 65 516 582 76 
58483 58845 314 2775 687 900 2909 517 028 3529 716 34 456 212 96 
40435 23117 600 6651 012 412 0065 975 585 1276 178 58 382 920 41 
97484 42360 800 7193 045 761 8932 349 229 2796 501 98 751 872 12 
72675 07981 255 4709 589 045 5635 792 122 1033 346 69 749 923 56 
30254 94780 249 0114 195 212 3828 153 091 1407 907 38 602 515 22 
74299 58180 724 7162 591 668 5451 333 123 9480 494 70 791 191 53 
26734 30282 441 8604 142 636 3954 800 044 8002 670 49 624 820 17 
92896 47669 758 3183 271 314 2517 029 692 3488 962 76 684 403 23 
26092 75249 603 5799 646 925 6504 936 818 3609 003 23 809 293 45 
95889 70695 365 3494 060 340 2166 544 375 5890 045 63 288 225 05 
45255 64056 448 2465 151 875 4711 962 184 4396 582 53 375 438 85 
69094 11303 150 9526 179 378 0029 741 207 6651 479 39 425 902 98 
96959 46995 565 7612 186 561 9673 378 623 6256 125 21 632 086 28 
69222 10327 488 9218 654 364 8022 967 807 0576 561 51 446 320 46 
92790 68212 073 8837 781 423 3562 823 608 9632 080 68 222 468 01 
22482 61177 185 8963 814 091 8390 367 367 2220 888 32 151 375 56 
00372 79839 400 4152 970 028 7830 766 709 4447 456 01 345 564 17 
25437 09069 793 9612 257 142 9894 671 543 5784 687 88 614 445 81 
23145 93571 984 9225 284 716 0504 922 124 2470 141 21 478 057 34 
55105 00801 908 6996 033 027 6347 870 810 8175 450 11 930 714 12 
23390 86639 383 3952 942 578 6905 076 431 0063 835 19 834 389 34 
15961 31854 347 5464 955 697 8103 829 309 7164 651 43 840 700 70 
73604 11237 359 9843 452 251 6105 070 270 5623 526 60 127 648 48 
30840 76118 301 3052 793 205 4274 628 654 0360 367 45 328 651 05 
70658 74882 256 9815 793 678 9766 974 220 5750 596 83 440 869 73 
50201 41020 672 3585 020 072 4522 563 265 1341 055 92 401 902 74 
21624 84391 403 5998 953 539 4590 944 070 4691 209 14 093 870 01 
26456 00162 374 2880 210 927 6457 931 065 7922 955 24 988 727 58 
46101 26483 699 9892 256 959 6881 592 056 0010 165 52 563 756 78 
56672 27966 198 8578 279 484 8855 834 397 5187 445 45 512 965 63 
44348 03966 420 5579 829 368 0435 220 277 0984 294 23 253 302 25 
76341 80703 947 6994 159 791 5945 300 697 5214 829 33 665 556 61 
56787 36400 536 6656 416 547 3217 043 903 5213 295 43 529 169 41 
45990 41608 753 2018 683 793 7023 488 868 9479 151 07 163 785 29 
02345 29244 077 3659 495 630 5100 742 108 7142 613 49 745 956 15 
13849 87137 570 4710 178 795 7310 422 969 0666 702 14 498 637 46 
45952 80824 369 4457 897 723 3004 876 476 5241 339 07 592 043 40 
19634 03911 473 2023 380 715 0952 220 106 8256 342 74 716 460 24 
33544 00515 212 6693 249 341 9673 977 041 5956 837 53 555 166 73 
02739 00749 729 7363 549 645 3328 886 984 4061 196 49 616 277 34 
49518 27369 558 8220 757 355 1766 515 898 5519 098 66 653 935 49 
48106 88732 068 5990 754 079 2342 402 300 9259 007 01 731 960 36 
22547 56478 940 6475 483 466 4776 041 146 3233 905 65 134 330 68 
44953 97907 090 3023 460 461 4709 616 968 8688 501 40 834 704 05 
46074 29586 991 3829 668 246 8185 710 318 8790 652 87 036 650 83 
24319 74404 771 8556 789 348 2308 943 106 8287 027 22 809 736 24 
80939 96270 607 4726 455 399 2539 944 280 8113 736 94 338 872 94 
06307 92615 959 9546 262 462 9707 062 594 8455 690 34 711 972 99 
64090 89418 059 5343 932 512 3623 550 813 4949 004 36 427 852 71 
38315 91256 898 9295 196 427 2875 739 469 1427 253 43 669 415 32 
36100 45373 048 8198 551 706 5941 217 352 4625 895 48 730 167 60 
02988 65925 786 6285 612 496 6552 353 382 9428 785 42 534 048 30 
83307 01653 722 8563 559 152 5347 844 598 1831 341 12 900 199 92 
05981 35220 511 7336 585 640 7826 484 942 7644 113 76 393 866 92 
48031 18364 453 6985 891 754 4264 739 988 2284 621 84 490 087 77 
69776 31279 572 2672 655 562 5962 825 427 6531 830 01 340 709 22 
33436 57791 601 2809 317 940 1718 598 599 9338 492 35 495 640 05 
70995 58561 134 9802 524 990 6698 423 301 7350 358 04 408 116 85 
52653 11709 957 0899 427 328 7092 584 878 9443 646 00 504 108 92 
26691 78352 587 0785 951 298 3441 729 535 1953 788 55 345 737 42 
60859 02908 176 5155 780 390 5946 408 735 0612 322 61 120 093 73 
10804 85485 263 5722 825 768 2034 160 504 8466 277 50 450 031 26 
20080 07998 049 2548 534 694 1469 775 164 9327 095 04 934 639 38 
24322 27188 515 9740 547 021 4828 971 117 7792 376 12 257 887 34 
77188 19682 546 2981 268 685 8170 507 402 7255 026 33 290 449 76 
27789 44236 216 7411 918 626 9439 650 671 5157 795 86 756 482 39 
93917 60426 017 6338 704 549 9017 614 364 1204 692 18 237 076 48 
87834 19689 686 1181 558 158 7360 629 386 0381 017 12 158 552 72 
66830 08238 340 4656 475 880 4051 380 801 6336 388 74 216 371 40 
64354 95561 868 9641 122 821 4075 330 265 5100 424 10 489 678 35 
28588 29024 367 0904 887 118 1909 094 945 3314 421 82 876 618 10 
31007 35477 054 9815 968 077 2009 474 696 1343 609 28 614 849 41 
78501 71807 793 0681 085 469 0009 445 899 5279 424 39 813 921 35 
05586 42219 648 3491 512 639 0128 038 320 0109 773 86 806 628 77 
92397 18014 613 4324 457 264 0097 374 257 0073 592 10 031 541 50 
89367 93008 169 9805 365 202 7600 727 749 6745 840 02 836 240 53 
46037 26341 655 4259 027 601 8348 403 068 1138 185 51 059 797 05 
66400 75094 260 8788 573 579 6037 324 514 1467 867 03 688 098 80 
60971 64258 497 5951 380 693 0944 940 151 5422 221 94 329 130 21 
73912 53835 591 5031 003 330 3251 117 491 5696 917 45 027 149 43 
31515 58854 039 2216 409 722 9101 129 035 5218 157 62 823 283 18 
23425 48326 111 9128 009 282 5256 190 205 2630 163 91 147 724 73 
31485 73910 777 5874 425 387 6117 465 786 7116 941 47 764 214 41 
11126 35835 538 7136 101 102 3267 987 756 4102 468 24 032 264 83 
46417 66369 806 6378 576 813 4920 453 022 4081 972 78 564 719 83 
96308 78154 322 1166 912 246 4159 117 767 3225 326 43 356 861 46 
18654 52226 812 6887 268 445 9684 424 161 0785 401 67 681 420 80 
88502 80054 143 6131 462 308 2102 594 173 7562 389 94 207 571 36 
27516 74573 189 1894 562 835 2570 441 335 4375 857 53 426 986 99 
47254 70316 566 1399 199 968 2628 247 270 6413 362 22 178 923 90 
31760 85428 943 7339 356 188 9165 125 042 4404 008 95 271 983 78 
73864 80584 726 8954 624 388 2343 751 788 5201 439 56 005 710 48 
11949 88423 906 0613 695 734 2315 590 796 7034 614 91 434 478 86 
36041 03182 350 7365 027 785 9089 757 827 2731 305 04 889 398 90 
09923 91350 337 3250 855 982 6558 670 892 4261 242 94 736 701 93 
90772 71307 068 6917 092 646 2548 423 240 7485 503 66 080 136 04 
66895 11840 093 6686 095 463 2500 214 585 2930 950 00 090 715 10 
58236 26729 326 4537 382 104 9387 249 966 9933 942 46 855 164 83 
26113 41461 106 8026 744 663 7334 375 340 7642 940 26 682 973 86 
52209 35701 626 3846 485 285 1490 362 932 0199 199 68 828 517 18 
39536 69134 522 2444 708 045 9239 660 281 7156 551 56 566 611 13 
59823 11225 062 8905 854 914 5097 157 553 9002 439 31 535 190 90 
21071 19457 300 2438 801 766 1503 527 086 2602 537 88 179 751 94 
78061 01371 500 4489 917 210 0222 013 350 1310 601 63 915 415 89 
57803 71177 927 7522 597 874 2891 917 915 5224 171 89 585 361 68 
05947 41234 193 3984 202 187 4564 925 644 3462 392 53 195 313 51 
03311 47639 491 1995 072 858 4306 583 619 3536 932 96 992 898 37 
91494 19394 060 8572 486 396 8836 903 265 5643 642 16 644 257 60 
79147 10869 984 3157 337 496 4883 529 276 9328 220 76 294 728 23 
81537 40996 154 5598 798 259 8910 937 171 2621 828 30 258 481 12 
38901 19682 214 2945 766 758 0718 653 806 5064 870 26 133 892 82 
29949 72574 530 3328 389 638 1843 944 770 7794 022 84 359 883 41 
00358 38542 389 7354 243 956 4755 568 409 5224 844 55 413 923 94 
10001 62076 936 3684 677 641 3017 819 659 3799 715 57 468 541 94 
63348 93748 439 1297 423 914 3365 936 041 0035 234 37 770 658 88 
67781 13949 861 6478 747 140 7932 638 587 3862 473 28 896 456 43 
59877 46676 384 7946 650 407 4111 825 658 3788 784 54 858 148 96 
29612 73998 413 4427 260 860 6187 245 545 2360 643 15 371 011 27 
46809 77870 446 4094 758 280 3487 697 589 4832 824 12 392 929 60 
58294 86191 966 7091 895 808 9833 201 210 3184 303 40 128 495 11 
62035 34280 144 1276 172 858 3024 355 983 0032 042 02 451 207 28 
72535 58119 584 0149 180 969 2533 950 757 7840 006 74 655 260 31 
44616 70508 276 8277 222 353 4191 102 634 1631 571 47 406 123 85 
04258 45988 419 9076 112 872 5805 911 393 5689 601 43 166 828 31 
76323 56732 541 7073 420 817 3322 304 629 8799 280 49 085 140 94 
79036 88786 878 9493 054 695 5703 072 619 0095 020 76 433 493 35 
91060 24545 086 4536 289 354 5686 295 853 1315 337 18 386 826 56 
17862 27363 716 9757 741 830 2398 600 659 1481 616 40 494 496 50 
11732 13138 957 4706 208 847 4802 365 371 0311 508 98 427 992 75 
44268 53277 974 3113 951 435 7417 221 975 9799 359 68 525 228 57 
45263 79628 961 2691 572 357 9866 205 734 0837 576 68 738 842 66 
40599 09935 050 0081 337 543 2454 635 967 5048 442 35 284 874 70 
14435 45419 576 2584 735 642 1619 813 407 3468 541 11 766 883 11 
86544 89377 697 9566 517 279 6623 267 148 1033 864 39 137 518 65 
94673 00244 345 0054 499 539 9742 372 328 7124 948 34 706 044 06 
34716 06325 830 6498 297 955 1010 954 183 6235 030 30 945 309 73 
35834 46283 947 6304 775 645 0150 085 075 7894 954 89 313 939 44 
89921 61255 255 9770 143 685 8943 585 877 5263 796 25 597 081 67 
76438 00125 436 5023 714 127 8346 792 610 1995 585 22 471 722 01 
77723 70041 780 8419 423 948 7254 068 015 5603 599 83 905 489 85 
72354 67456 423 9058 585 021 6719 031 395 2629 445 54 391 316 63 
13453 08939 062 0467 843 877 8505 423 939 0524 731 36 201 294 76 
91874 97519 101 1472 315 289 3267 725 339 1814 660 73 000 890 27 
76896 31148 109 0220 972 452 0759 167 297 0078 505 80 717 186 38 
10549 67973 100 1678 708 506 9420 709 223 2908 070 38 326 345 34 
52038 02786 099 0556 900 134 1371 823 683 7099 194 95 164 896 00 
75504 93412 678 7643 674 638 4902 063 964 0197 666 85 592 335 65 
46391 38363 185 7456 981 471 9621 084 108 0961 884 60 545 603 90 
38455 34372 914 1446 513 474 9407 848 844 2377 217 51 543 342 60 

